83.0
62.66666666666667
45.666666666666664
51.666666666666664
62.66666666666667
74.33333333333334
71.66666666666666
71.66666666666666
80.33333333333333
60.33333333333333
47.666666666666664
65.66666666666667
71.33333333333334
61.666666666666664
69.66666666666667
67.33333333333333
65.66666666666667
50.0
44.66666666666667
63.33333333333333
82.0
63.33333333333334
55.0
57.66666666666666
47.333333333333336
56.666666666666664
74.33333333333333
57.0
76.0
56.0
44.666666666666664
70.0
55.66666666666666
59.0
82.66666666666667
63.666666666666664
43.0
65.66666666666666
52.333333333333336
67.0
61.333333333333336
72.0
76.0
70.66666666666667
89.66666666666667
47.0
79.0
50.333333333333336
38.0
43.666666666666664
48.666666666666664
60.0
57.66666666666667
78.33333333333334
65.66666666666667
84.0
55.666666666666664
67.33333333333334
54.33333333333333
72.33333333333333
58.33333333333333
70.66666666666667
75.0
64.0
45.66666666666667
52.66666666666667
65.0
41.33333333333333
48.33333333333333
46.33333333333333
68.33333333333333
56.666666666666664
70.33333333333334
45.333333333333336
63.0
89.66666666666667
81.66666666666666
36.33333333333333
64.0
45.33333333333333
73.66666666666667
65.33333333333334
62.0
60.0
53.66666666666667
89.0
60.66666666666666
41.0
62.66666666666667
62.333333333333336
70.66666666666666
71.66666666666666
53.333333333333336
40.66666666666667
57.333333333333336
64.03157894736842 60.83157894736842 60.93684210526316